{
  "accessors": [
    {
      "bufferView": 2,
      "componentType": 5126,
      "count": 460,
      "max": [
        3.714998245239258,
        11.339556694030762,
        3.533173084259033
      ],
      "min": [
        -3.7149977684020996,
        -3.714998245239258,
        -3.5331735610961914
      ],
      "type": "VEC3"
    },
    {
      "bufferView": 2,
      "byteOffset": 5520,
      "componentType": 5126,
      "count": 460,
      "max": [
        0.9510558843612671,
        0.9965512156486511,
        0.9999986886978149
      ],
      "min": [
        -0.9510554671287537,
        -0.9864150881767273,
        -0.9999986886978149
      ],
      "type": "VEC3"
    },
    {
      "bufferView": 1,
      "componentType": 5126,
      "count": 460,
      "max": [
        0.9808528423309326,
        0.9973433017730713
      ],
      "min": [
        0.049773190170526505,
        -0.00538730900734663
      ],
      "type": "VEC2"
    },
    {
      "bufferView": 0,
      "componentType": 5125,
      "count": 660,
      "type": "SCALAR"
    }
  ],
  "asset": {
    "extras": {
      "author": "jennag (https://sketchfab.com/jennag)",
      "license": "CC-BY-4.0 (http://creativecommons.org/licenses/by/4.0/)",
      "source": "https://sketchfab.com/3d-models/disco-time-38676c92b6234d1dbdd875bea8b2e68e",
      "title": "Disco TIme"
    },
    "generator": "Sketchfab-12.67.0",
    "version": "2.0"
  },
  "bufferViews": [
    {
      "buffer": 0,
      "byteLength": 2640,
      "name": "floatBufferViews",
      "target": 34963
    },
    {
      "buffer": 0,
      "byteLength": 3680,
      "byteOffset": 2640,
      "byteStride": 8,
      "name": "floatBufferViews",
      "target": 34962
    },
    {
      "buffer": 0,
      "byteLength": 11040,
      "byteOffset": 6320,
      "byteStride": 12,
      "name": "floatBufferViews",
      "target": 34962
    }
  ],
  "buffers": [
    {
      "byteLength": 17360,
      "uri": "scene.bin"
    }
  ],
  "images": [
    {
      "uri": "textures/phong1_baseColor.png"
    }
  ],
  "materials": [
    {
      "doubleSided": true,
      "name": "phong1",
      "pbrMetallicRoughness": {
        "baseColorTexture": {
          "index": 0
        },
        "metallicFactor": 0.0,
        "roughnessFactor": 0.6
      }
    }
  ],
  "meshes": [
    {
      "name": "pSphere1_phong1_0",
      "primitives": [
        {
          "attributes": {
            "NORMAL": 1,
            "POSITION": 0,
            "TEXCOORD_0": 2
          },
          "indices": 3,
          "material": 0,
          "mode": 4
        }
      ]
    }
  ],
  "nodes": [
    {
      "children": [
        1
      ],
      "matrix": [
        1.0,
        0.0,
        0.0,
        0.0,
        0.0,
        2.220446049250313e-16,
        -1.0,
        0.0,
        0.0,
        1.0,
        2.220446049250313e-16,
        0.0,
        0.0,
        0.0,
        0.0,
        1.0
      ],
      "name": "Sketchfab_model"
    },
    {
      "children": [
        2
      ],
      "matrix": [
        1.0,
        0.0,
        0.0,
        0.0,
        0.0,
        0.0,
        1.0,
        0.0,
        0.0,
        -1.0,
        0.0,
        0.0,
        0.0,
        0.0,
        0.0,
        1.0
      ],
      "name": "4962a19767cf4c5697c8b6de1cb4e35a.fbx"
    },
    {
      "children": [
        3,
        5,
        8,
        11,
        14,
        17
      ],
      "name": "RootNode"
    },
    {
      "children": [
        4
      ],
      "matrix": [
        0.663444995880127,
        0.0,
        0.0,
        0.0,
        0.0,
        0.663444995880127,
        0.0,
        0.0,
        0.0,
        0.0,
        0.663444995880127,
        0.0,
        -2.1588566303253174,
        2.918020725250244,
        -1.9170926809310913,
        1.0
      ],
      "name": "pSphere1"
    },
    {
      "mesh": 0,
      "name": "pSphere1_phong1_0"
    },
    {
      "children": [
        6
      ],
      "matrix": [
        1.0,
        0.0,
        0.0,
        0.0,
        0.0,
        0.30490034021559287,
        0.9523842620163437,
        0.0,
        0.0,
        -0.9523842620163437,
        0.30490034021559287,
        0.0,
        0.0,
        8.41983699798584,
        5.182912349700928,
        1.0
      ],
      "name": "directionalLight1"
    },
    {
      "children": [
        7
      ],
      "matrix": [
        1.0,
        0.0,
        0.0,
        0.0,
        0.0,
        2.220446049250313e-16,
        1.0,
        0.0,
        0.0,
        -1.0,
        2.220446049250313e-16,
        0.0,
        0.0,
        0.0,
        0.0,
        1.0
      ],
      "name": "Object_6"
    },
    {
      "name": "Object_7"
    },
    {
      "children": [
        9
      ],
      "matrix": [
        -0.9976418879590683,
        1.1796119636642288e-16,
        0.06863427270297473,
        0.0,
        -0.06469703057308274,
        0.333826714327931,
        -0.940411622129397,
        0.0,
        -0.02291195374672138,
        -0.9426344597992469,
        -0.33303951353328975,
        0.0,
        0.0,
        8.41983699798584,
        -12.764575004577637,
        1.0
      ],
      "name": "directionalLight2"
    },
    {
      "children": [
        10
      ],
      "matrix": [
        1.0,
        0.0,
        0.0,
        0.0,
        0.0,
        2.220446049250313e-16,
        1.0,
        0.0,
        0.0,
        -1.0,
        2.220446049250313e-16,
        0.0,
        0.0,
        0.0,
        0.0,
        1.0
      ],
      "name": "Object_9"
    },
    {
      "name": "Object_10"
    },
    {
      "children": [
        12
      ],
      "matrix": [
        0.2702545988623888,
        -0.23696155919054607,
        -0.933172905339474,
        0.0,
        0.7315383368325385,
        -0.5796053871784661,
        0.35903935285422994,
        0.0,
        -0.6259505679668425,
        -0.7796837914306582,
        0.016705443493101213,
        0.0,
        5.149728298187256,
        0.0,
        0.0,
        1.0
      ],
      "name": "directionalLight3"
    },
    {
      "children": [
        13
      ],
      "matrix": [
        1.0,
        0.0,
        0.0,
        0.0,
        0.0,
        2.220446049250313e-16,
        1.0,
        0.0,
        0.0,
        -1.0,
        2.220446049250313e-16,
        0.0,
        0.0,
        0.0,
        0.0,
        1.0
      ],
      "name": "Object_12"
    },
    {
      "name": "Object_13"
    },
    {
      "children": [
        15
      ],
      "matrix": [
        -0.06856080627884209,
        0.019762873733030206,
        0.9974511740753065,
        0.0,
        -0.9930167464883479,
        -0.09756543446641386,
        -0.0663229009549205,
        0.0,
        0.0960060260405115,
        -0.9950328712254648,
        0.02631402942759653,
        0.0,
        -10.666873931884766,
        -3.3306690738754696e-16,
        0.0,
        1.0
      ],
      "name": "directionalLight4"
    },
    {
      "children": [
        16
      ],
      "matrix": [
        1.0,
        0.0,
        0.0,
        0.0,
        0.0,
        2.220446049250313e-16,
        1.0,
        0.0,
        0.0,
        -1.0,
        2.220446049250313e-16,
        0.0,
        0.0,
        0.0,
        0.0,
        1.0
      ],
      "name": "Object_15"
    },
    {
      "name": "Object_16"
    },
    {
      "children": [
        18
      ],
      "matrix": [
        -0.1950609018435403,
        0.07310462080875013,
        0.9780628604483426,
        0.0,
        0.42378164254032036,
        0.9056080438522409,
        0.016828260633406283,
        0.0,
        -0.8845113702026748,
        0.41776762120409305,
        -0.20762911803420203,
        0.0,
        1.5057399771478686e-15,
        12.644165992736816,
        -1.773988962173462,
        1.0
      ],
      "name": "directionalLight5"
    },
    {
      "children": [
        19
      ],
      "matrix": [
        1.0,
        0.0,
        0.0,
        0.0,
        0.0,
        2.220446049250313e-16,
        1.0,
        0.0,
        0.0,
        -1.0,
        2.220446049250313e-16,
        0.0,
        0.0,
        0.0,
        0.0,
        1.0
      ],
      "name": "Object_18"
    },
    {
      "name": "Object_19"
    }
  ],
  "samplers": [
    {
      "magFilter": 9729,
      "minFilter": 9987,
      "wrapS": 10497,
      "wrapT": 10497
    }
  ],
  "scene": 0,
  "scenes": [
    {
      "name": "Sketchfab_Scene",
      "nodes": [
        0
      ]
    }
  ],
  "textures": [
    {
      "sampler": 0,
      "source": 0
    }
  ]
}
